Question,Answer
"# Translate:

знатный

## Footnote

Он из знатной семьи.","noble, notable

## Footnote

He's from a noble family."
"# Translate:

реветь

## Footnote

Тигр начал громко реветь.","to roar

## Footnote

The tiger began to roar loudly."
"# Translate:

шрам

## Footnote

У него шрам на лице.","scar

## Footnote

He has a scar on his face."
"# Translate:

изысканный

## Footnote

Она носила изысканное платье.","exquisite, refined

## Footnote

She wore an exquisite dress."
"# Translate:

истечение

## Footnote

Истечение срока близко.","expiration

## Footnote

The expiration of the term is near."
"# Translate:

лидерство

## Footnote

Мне нравится его лидерство.","leadership

## Footnote

I like his leadership."
"# Translate:

рождать

## Footnote

Страх рождает ненависть.","to give rise to, to create

## Footnote

Fear gives rise to hatred."
"# Translate:

вакансия

## Footnote

У нас есть вакансия.","vacancy

## Footnote

We have a vacancy."
"# Translate:

серебристый

## Footnote

Луна даёт серебристый свет.","silvery

## Footnote

The moon gives a silvery light."
"# Translate:

уведомление

## Footnote

Сегодня я получил уведомление.","notification, notice

## Footnote

I received a notification today."
"# Translate:

чистка

## Footnote

Чистка обуви нужна.","cleaning

## Footnote

The shoes need cleaning."
"# Translate:

цилиндр

## Footnote

В двигателе четыре цилиндра.","cylinder

## Footnote

The engine has four cylinders."
"# Translate:

компетентный

## Footnote

Она компетентна в своей области.","competent

## Footnote

She is competent in her field."
"# Translate:

показываться

## Footnote

Он редко показывается дома.","to show up, to appear

## Footnote

He rarely shows up at home."
"# Translate:

династия

## Footnote

Это древняя династия.","dynasty

## Footnote

This is an ancient dynasty."
"# Translate:

брошюра

## Footnote

Я взял брошюру.","brochure

## Footnote

I took a brochure."
"# Translate:

трюк

## Footnote

Это простой трюк.","trick

## Footnote

This is a simple trick."
"# Translate:

обстрел

## Footnote

Ночью начался обстрел.","shelling

## Footnote

The shelling started at night."
"# Translate:

продавщица

## Footnote

Продавщица открыла магазин.","saleswoman

## Footnote

The saleswoman opened the shop."
"# Translate:

медь

## Footnote

Это чистая медь.","copper

## Footnote

This is pure copper."
"# Translate:

воскресный

## Footnote

Воскресный вечер был тихим.","Sunday

## Footnote

Sunday evening was quiet."
"# Translate:

рояль

## Footnote

Она играет на рояле.","grand piano, piano

## Footnote

She plays the grand piano."
"# Translate:

шепнуть

## Footnote

Она шепнула мне секрет.","to whisper

## Footnote

She whispered a secret to me."
"# Translate:

патриотический

## Footnote

Он пел патриотический гимн.","patriotic

## Footnote

He sang a patriotic anthem."
"# Translate:

угрюмый

## Footnote

Он сегодня угрюмый.","sullen

## Footnote

He is sullen today."
"# Translate:

дворник

## Footnote

Дворник вышел во двор.","street cleaner, caretaker

## Footnote

The street cleaner went out into the yard."
"# Translate:

штамп

## Footnote

Поставьте штамп на документ.","stamp

## Footnote

Put a stamp on the document."
"# Translate:

мыс

## Footnote

Мы обошли мыс.","cape

## Footnote

We went around the cape."
"# Translate:

фюрер

## Footnote

Он был фюрером.","Führer

## Footnote

He was the Führer."
"# Translate:

житейский

## Footnote

Это житейский вопрос.","everyday, mundane

## Footnote

This is an everyday question."
"# Translate:

сочетать

## Footnote

Она умеет сочетать цвета.","to combine

## Footnote

She can combine colors."
"# Translate:

чепуха

## Footnote

Это полная чепуха.","nonsense

## Footnote

This is complete nonsense."
"# Translate:

алфавит

## Footnote

Выучите алфавит.","alphabet

## Footnote

Learn the alphabet."
"# Translate:

трактат

## Footnote

Он пишет трактат.","treatise

## Footnote

He is writing a treatise."
"# Translate:

отделаться

## Footnote

Он легко отделался.","to get off

## Footnote

He got off easily."
"# Translate:

говно

## Footnote

Этот фильм — полное говно.","shit (vulgar)

## Footnote

This movie is absolute shit."
"# Translate:

взлетать

## Footnote

Птицы взлетают утром.","to take off

## Footnote

The birds take off in the morning."
"# Translate:

дорогостоящий

## Footnote

Это дорогостоящий проект.","expensive, costly

## Footnote

This is an expensive project."
"# Translate:

толковать

## Footnote

Он иначе толкует закон.","to interpret

## Footnote

He interprets the law another way."
"# Translate:

должное

## Footnote

Отдайте ему должное.","due

## Footnote

Give him his due."
"# Translate:

разрабатываться

## Footnote

План ещё разрабатывается.","to be developed

## Footnote

The plan is still being developed."
"# Translate:

перекрыть

## Footnote

Полиция перекроет дорогу.","to block, to cut off

## Footnote

Police will block the road."
"# Translate:

уточнять

## Footnote

Она уточняет детали.","to clarify

## Footnote

She is clarifying the details."
"# Translate:

пассажирский

## Footnote

Пассажирский поезд опоздал.","passenger

## Footnote

The passenger train was late."
"# Translate:

транс

## Footnote

Она была в трансе.","trance

## Footnote

She was in a trance."
"# Translate:

искренность

## Footnote

Его искренность меня тронула.","sincerity

## Footnote

His sincerity touched me."
"# Translate:

электрон

## Footnote

Электрон очень маленький.","electron

## Footnote

An electron is very small."
"# Translate:

принудительный

## Footnote

Это принудительный труд.","compulsory, forced

## Footnote

This is forced labor."
"# Translate:

воровство

## Footnote

Воровство — это преступление.","theft

## Footnote

Theft is a crime."
"# Translate:

надобность

## Footnote

Нет надобности ждать.","need, necessity

## Footnote

There is no need to wait."
"# Translate:

сладко

## Footnote

Малыш сладко спит.","soundly, sweetly

## Footnote

The baby sleeps soundly."
"# Translate:

нереальный

## Footnote

Этот вид просто нереальный!","unreal, incredible

## Footnote

This view is simply unreal!"
"# Translate:

одноклассник

## Footnote

Вчера я встретил одноклассника.","classmate

## Footnote

I met a classmate yesterday."
"# Translate:

пробиться

## Footnote

Нам надо пробиться к двери.","to break through

## Footnote

We need to break through to the door."
"# Translate:

списать

## Footnote

Банк списал долг.","to write off

## Footnote

The bank wrote off the debt."
"# Translate:

форд

## Footnote

Он купил «Форд».","Ford

## Footnote

He bought a Ford."
"# Translate:

штатный

## Footnote

Он штатный врач.","staff, regular

## Footnote

He is a staff doctor."
"# Translate:

правосудие

## Footnote

Я верю в правосудие.","justice

## Footnote

I believe in justice."
"# Translate:

арка

## Footnote

Под аркой было темно.","arch

## Footnote

It was dark under the arch."
"# Translate:

свалка

## Footnote

Он работает на свалке.","dump

## Footnote

He works at the dump."
"# Translate:

негромко

## Footnote

Она негромко сказала это.","quietly, softly

## Footnote

She said this softly."
"# Translate:

кредитор

## Footnote

Это мой кредитор.","creditor

## Footnote

This is my creditor."
"# Translate:

революционер

## Footnote

Он был революционером.","revolutionary

## Footnote

He was a revolutionary."
"# Translate:

обильный

## Footnote

Дождь был обильным.","heavy, abundant

## Footnote

The rain was heavy."
"# Translate:

накопиться

## Footnote

Под мебелью накопилась пыль.","to accumulate

## Footnote

Dust accumulated under the furniture."
"# Translate:

заповедник

## Footnote

Мы посетили заповедник вчера.","nature reserve

## Footnote

We visited the nature reserve yesterday."
"# Translate:

пальчик

## Footnote

Она поцеловала его пальчик.","finger (diminutive)

## Footnote

She kissed his finger."
"# Translate:

разлука

## Footnote

Я не люблю разлуку.","separation

## Footnote

I don't like separation."
"# Translate:

мельница

## Footnote

Старая мельница стоит у реки.","mill

## Footnote

The old mill stands by the river."
"# Translate:

реформирование

## Footnote

Началось реформирование школы.","reform

## Footnote

School reform began."
"# Translate:

заинтересованность

## Footnote

Его заинтересованность ясна.","interest

## Footnote

His interest is clear."
"# Translate:

приставать

## Footnote

Не приставай ко мне.","to pester, to harass

## Footnote

Don't pester me."
"# Translate:

прикинуть

## Footnote

Прикинь стоимость.","to estimate

## Footnote

Estimate the cost."
"# Translate:

создаться

## Footnote

Создалась трудная ситуация.","to arise, to come about

## Footnote

A difficult situation arose."
"# Translate:

хоронить

## Footnote

Сегодня хоронят солдата.","to bury

## Footnote

Today they are burying a soldier."
"# Translate:

зеркальный

## Footnote

У неё зеркальный шкаф.","mirrored

## Footnote

She has a mirrored cupboard."
"# Translate:

промысел

## Footnote

Рыбный промысел кормит город.","industry, trade

## Footnote

The fishing industry feeds the city."
"# Translate:

похудеть

## Footnote

Я хочу похудеть.","to lose weight

## Footnote

I want to lose weight."
"# Translate:

трогательный

## Footnote

Это трогательная история.","touching

## Footnote

This is a touching story."
"# Translate:

заявитель

## Footnote

Заявитель ждёт ответа.","applicant

## Footnote

The applicant is waiting for an answer."
"# Translate:

вулкан

## Footnote

Из вулкана идёт дым.","volcano

## Footnote

Smoke is coming from the volcano."
"# Translate:

продлить

## Footnote

Мы решили продлить отпуск.","to extend

## Footnote

We decided to extend our vacation."
"# Translate:

кружить

## Footnote

Птицы кружат над домом.","to circle

## Footnote

The birds circle over the house."
"# Translate:

бутылочка

## Footnote

Это маленькая бутылочка.","little bottle

## Footnote

This is a little bottle."
"# Translate:

упрямый

## Footnote

Он очень упрямый.","stubborn

## Footnote

He is very stubborn."
"# Translate:

систематический

## Footnote

Нужен систематический подход.","systematic

## Footnote

A systematic approach is needed."
"# Translate:

тоненький

## Footnote

У неё тоненький голос.","thin

## Footnote

She has a thin voice."
"# Translate:

выкладывать

## Footnote

Она выкладывает карты.","to lay out

## Footnote

She is laying out the cards."
"# Translate:

авангард

## Footnote

Они шли в авангарде.","vanguard

## Footnote

They walked in the vanguard."
"# Translate:

юстиция

## Footnote

Министр юстиции уже здесь.","justice

## Footnote

The minister of justice is already here."
"# Translate:

утешать

## Footnote

Мать утешает сына.","to comfort

## Footnote

The mother comforts her son."
"# Translate:

употребляться

## Footnote

Это слово часто употребляется.","to be used

## Footnote

This word is often used."
"# Translate:

переменный

## Footnote

Ветер сегодня переменный.","variable

## Footnote

The wind today is variable."
"# Translate:

улучшать

## Footnote

Мы хотим улучшать жизнь.","to improve

## Footnote

We want to improve life."
"# Translate:

иркутский

## Footnote

Иркутский поезд уже здесь.","Irkutsk

## Footnote

The Irkutsk train is already here."
"# Translate:

сварить

## Footnote

Свари яйца.","to boil

## Footnote

Boil the eggs."
"# Translate:

курсант

## Footnote

Курсант сдал экзамен.","cadet

## Footnote

The cadet passed the exam."
"# Translate:

сокращать

## Footnote

Надо сокращать расходы.","to reduce

## Footnote

We must reduce expenses."
"# Translate:

домен

## Footnote

Этот домен свободен.","domain (internet address)

## Footnote

This domain is available."
"# Translate:

молить

## Footnote

Она молила его остаться.","to beg

## Footnote

She begged him to stay."
"# Translate:

соратник

## Footnote

Он мой старый соратник.","ally, comrade

## Footnote

He is my old comrade."
"# Translate:

нелегальный

## Footnote

Это нелегальный бизнес.","illegal, illicit

## Footnote

This is an illegal business."
"# Translate:

контактный

## Footnote

Это контактный спорт.","contact

## Footnote

This is a contact sport."
"# Translate:

гипноз

## Footnote

Он под гипнозом.","hypnosis

## Footnote

He is under hypnosis."
"# Translate:

боязнь

## Footnote

У неё боязнь собак.","fear

## Footnote

She has a fear of dogs."
"# Translate:

недорогой

## Footnote

Это недорогой отель.","cheap, inexpensive

## Footnote

This is a cheap hotel."
"# Translate:

опомниться

## Footnote

Он наконец опомнился.","come to one's senses, recover consciousness

## Footnote

He finally came to his senses."
"# Translate:

чернила

## Footnote

В ручке кончились чернила.","ink

## Footnote

The pen ran out of ink."
"# Translate:

защищаться

## Footnote

Он умеет защищаться.","to defend oneself

## Footnote

He can defend himself."
"# Translate:

перепутать

## Footnote

Я перепутал имена.","to mix up, to confuse

## Footnote

I mixed up the names."
"# Translate:

испанец

## Footnote

Он испанец.","Spaniard

## Footnote

He is a Spaniard."
"# Translate:

расстрел

## Footnote

Это был расстрел.","execution by shooting

## Footnote

This was an execution by shooting."
"# Translate:

щедрый

## Footnote

Он очень щедрый.","generous

## Footnote

He is very generous."
"# Translate:

усмешка

## Footnote

Я видел его усмешку.","smirk

## Footnote

I saw his smirk."
"# Translate:

идейный

## Footnote

Это идейный спор.","ideological

## Footnote

This is an ideological argument."
"# Translate:

вымыть

## Footnote

Мне нужно вымыть посуду.","to wash, to clean

## Footnote

I need to wash the dishes."
"# Translate:

страстно

## Footnote

Она страстно его любит.","passionately

## Footnote

She loves him passionately."
"# Translate:

пополнение

## Footnote

Пополнение карты прошло успешно.","top-up, replenishment

## Footnote

The card top-up was successful."
"# Translate:

растерянность

## Footnote

На лице была растерянность.","bewilderment, confusion

## Footnote

There was bewilderment on his face."
"# Translate:

туго

## Footnote

Завяжи узел туго.","tightly

## Footnote

Tie the knot tightly."
"# Translate:

одолеть

## Footnote

Она одолела страх.","overcome, defeat

## Footnote

She overcame her fear."
"# Translate:

скользнуть

## Footnote

Он скользнул в дверь.","to slip, to glide

## Footnote

He slipped through the door."
"# Translate:

сперма

## Footnote

Это его сперма.","semen

## Footnote

This is his semen."
"# Translate:

годовщина

## Footnote

Сегодня наша годовщина.","anniversary

## Footnote

Today is our anniversary."
"# Translate:

визг

## Footnote

Раздался громкий визг.","squeal, screech

## Footnote

A loud squeal rang out."
"# Translate:

анонимный

## Footnote

Письмо было анонимным.","anonymous

## Footnote

The letter was anonymous."
"# Translate:

маньяк

## Footnote

Маньяка поймали вчера.","maniac

## Footnote

They caught the maniac yesterday."
"# Translate:

ужинать

## Footnote

Мы ужинаем в семь.","to have dinner, to dine

## Footnote

We have dinner at seven."
"# Translate:

бережно

## Footnote

Он бережно открыл дверь.","carefully, gently

## Footnote

He carefully opened the door."
"# Translate:

лазерный

## Footnote

Лазерный луч яркий.","laser

## Footnote

The laser beam is bright."
"# Translate:

срываться

## Footnote

Он срывается со скалы.","to come off, to slip

## Footnote

He slips off the cliff."
"# Translate:

запрещаться

## Footnote

Здесь курить запрещается.","to be prohibited

## Footnote

Smoking is prohibited here."
"# Translate:

переделать

## Footnote

Надо переделать работу.","to redo, to remake

## Footnote

We need to redo the work."
"# Translate:

шов

## Footnote

Шов на платье разошёлся.","seam, suture

## Footnote

The seam on the dress split."
"# Translate:

налогоплательщик

## Footnote

Я честный налогоплательщик.","taxpayer

## Footnote

I am an honest taxpayer."
"# Translate:

подносить

## Footnote

Она подносит ему чай.","to bring

## Footnote

She brings him tea."
"# Translate:

поглотить

## Footnote

Почва поглотила воду.","absorb, engulf

## Footnote

The soil absorbed the water."
"# Translate:

мошенник

## Footnote

Этот человек — мошенник.","swindler, fraudster

## Footnote

This man is a swindler."
"# Translate:

родство

## Footnote

Между ними есть родство.","kinship

## Footnote

There is kinship between them."
"# Translate:

уступка

## Footnote

Он сделал уступку.","concession

## Footnote

He made a concession."
"# Translate:

подражание

## Footnote

Это плохое подражание.","imitation

## Footnote

This is a poor imitation."
"# Translate:

мужественный

## Footnote

Это мужественный поступок.","brave

## Footnote

This is a brave act."
"# Translate:

прапорщик

## Footnote

Он служит прапорщиком.","warrant officer

## Footnote

He serves as a warrant officer."
"# Translate:

укладывать

## Footnote

Она укладывает вещи в сумку.","to lay, to put

## Footnote

She is putting things in the bag."
"# Translate:

пьянство

## Footnote

Пьянство — его беда.","drunkenness

## Footnote

Drunkenness is his problem."
"# Translate:

безграничный

## Footnote

Её радость была безграничной.","boundless

## Footnote

Her joy was boundless."
"# Translate:

выдохнуть

## Footnote

Просто выдохни медленно.","exhale, breathe out

## Footnote

Just exhale slowly."
"# Translate:

подготовиться

## Footnote

Нам надо подготовиться.","to prepare, to get ready

## Footnote

We need to get ready."
"# Translate:

тепловой

## Footnote

У него тепловой удар.","thermal, heat

## Footnote

He has heat stroke."
"# Translate:

потеряться

## Footnote

Я потерялся в лесу.","get lost, go astray

## Footnote

I got lost in the forest."
"# Translate:

хвататься

## Footnote

Он хватается за мою руку.","to grab, to cling

## Footnote

He grabs my hand."
"# Translate:

нехорошо

## Footnote

Это очень нехорошо.","bad, not good

## Footnote

This is very bad."
"# Translate:

опаздывать

## Footnote

Он снова опаздывает.","to be late

## Footnote

He is late again."
"# Translate:

даровать

## Footnote

Ей даровали свободу.","grant, bestow

## Footnote

They granted her freedom."
"# Translate:

выписывать

## Footnote

Врач выписывает таблетки.","to write out, to prescribe

## Footnote

The doctor is prescribing pills."
"# Translate:

бегом

## Footnote

Он пришёл бегом.","running, at a run

## Footnote

He came running."
"# Translate:

потерпевший

## Footnote

Потерпевший ждал врача.","victim

## Footnote

The victim was waiting for the doctor."
"# Translate:

вперёд

## Footnote

Иди вперёд.","forward, ahead

## Footnote

Go forward."
"# Translate:

пронзительный

## Footnote

У неё пронзительный голос.","piercing

## Footnote

She has a piercing voice."
"# Translate:

пейджер

## Footnote

Пейджер лежит на столе.","pager

## Footnote

The pager is on the table."
"# Translate:

передумать

## Footnote

Она вдруг передумала.","change one's mind

## Footnote

She suddenly changed her mind."
"# Translate:

недостойный

## Footnote

Я недостоин тебя.","unworthy

## Footnote

I am unworthy of you."
"# Translate:

запоминать

## Footnote

Я запоминаю слова.","to memorize, to remember

## Footnote

I am memorizing the words."
"# Translate:

носовой

## Footnote

Это носовой звук.","nasal

## Footnote

This is a nasal sound."
"# Translate:

раздеваться

## Footnote

Она раздевается.","to undress

## Footnote

She is undressing."
"# Translate:

легион

## Footnote

Легион стоял у реки.","legion

## Footnote

The legion stood by the river."
"# Translate:

арбитражный

## Footnote

Это арбитражное соглашение.","arbitration

## Footnote

This is an arbitration agreement."
"# Translate:

овраг

## Footnote

За домом есть овраг.","ravine

## Footnote

There is a ravine behind the house."
"# Translate:

квантовый

## Footnote

Он изучает квантовую физику.","quantum

## Footnote

He studies quantum physics."
"# Translate:

разрезать

## Footnote

Разрежь хлеб.","to cut

## Footnote

Cut the bread."
"# Translate:

пробуждение

## Footnote

Это было раннее пробуждение.","awakening

## Footnote

This was an early awakening."
"# Translate:

павильон

## Footnote

Павильон уже закрыт.","pavilion

## Footnote

The pavilion is already closed."
"# Translate:

машинально

## Footnote

Она машинально взяла ключ.","automatically, absentmindedly

## Footnote

She picked up the key automatically."
"# Translate:

лапка

## Footnote

Кот поднял лапку.","paw

## Footnote

The cat raised its paw."
"# Translate:

скважина

## Footnote

Вода из скважины чистая.","well

## Footnote

The water from the well is clean."
"# Translate:

пирожок

## Footnote

Я купил пирожок.","small pie, pastry

## Footnote

I bought a small pie."
"# Translate:

осуждение

## Footnote

Её осуждение меня удивило.","condemnation

## Footnote

Her condemnation surprised me."
"# Translate:

индивидуум

## Footnote

Каждый индивидуум важен.","individual

## Footnote

Every individual is important."
"# Translate:

сбережение

## Footnote

Вот мои сбережения.","saving, savings

## Footnote

Here are my savings."
"# Translate:

капелька

## Footnote

Дай капельку молока.","drop

## Footnote

Give me a drop of milk."
"# Translate:

тощий

## Footnote

Кот был тощим.","thin, scrawny

## Footnote

The cat was scrawny."
"# Translate:

ландшафт

## Footnote

Ландшафт здесь красивый.","landscape

## Footnote

The landscape here is beautiful."
"# Translate:

монархия

## Footnote

Это старая монархия.","monarchy

## Footnote

This is an old monarchy."
"# Translate:

виноград

## Footnote

Я люблю виноград.","grape, grapes

## Footnote

I love grapes."
"# Translate:

проложить

## Footnote

Они проложили кабель.","to lay, to build

## Footnote

They laid a cable."
"# Translate:

издательский

## Footnote

Это издательский дом.","publishing

## Footnote

This is a publishing house."
"# Translate:

миска

## Footnote

Миска стоит на столе.","bowl

## Footnote

The bowl is on the table."
"# Translate:

стартовый

## Footnote

Стартовая цена низкая.","starting

## Footnote

The starting price is low."
"# Translate:

краткосрочный

## Footnote

Это краткосрочный план.","short-term

## Footnote

This is a short-term plan."
"# Translate:

гудок

## Footnote

Гудок машины разбудил меня.","horn

## Footnote

The car horn woke me."
"# Translate:

побуждение

## Footnote

Это было его побуждение.","impulse

## Footnote

That was his impulse."
"# Translate:

сударь

## Footnote

Да, сударь.","sir

## Footnote

Yes, sir."
"# Translate:

значиться

## Footnote

Его имя значится в документе.","to be listed

## Footnote

His name is listed in the document."
"# Translate:

глотать

## Footnote

Я не могу глотать.","swallow

## Footnote

I can't swallow."
"# Translate:

уязвимый

## Footnote

Он сейчас уязвим.","vulnerable

## Footnote

He is vulnerable now."
"# Translate:

второстепенный

## Footnote

Это второстепенный вопрос.","secondary

## Footnote

This is a secondary question."
"# Translate:

курьер

## Footnote

Курьер уже здесь.","courier

## Footnote

The courier is already here."
"# Translate:

выглядывать

## Footnote

Она выглядывает в окно.","to peer out, to look out

## Footnote

She is peering out the window."
"# Translate:

зависимый

## Footnote

Он зависим от неё.","dependent, addicted

## Footnote

He is dependent on her."
"# Translate:

оборвать

## Footnote

Он оборвал разговор.","break off, interrupt

## Footnote

He broke off the conversation."
"# Translate:

коммерсант

## Footnote

Коммерсант пришёл рано.","businessman, merchant

## Footnote

The businessman came early."
"# Translate:

папаша

## Footnote

Папаша уже дома.","father (colloquial, sometimes dismissive)

## Footnote

The father is already home."
"# Translate:

офисный

## Footnote

Это офисный работник.","office

## Footnote

This is an office worker."
"# Translate:

инерция

## Footnote

Инерция ещё сильна.","inertia

## Footnote

The inertia is still strong."
"# Translate:

очистка

## Footnote

Нужна очистка воды.","cleaning, purification

## Footnote

Water purification is needed."
"# Translate:

дежурство

## Footnote

Я сегодня на дежурстве.","duty, watch

## Footnote

I am on duty today."
"# Translate:

солидарность

## Footnote

Я выражаю солидарность.","solidarity

## Footnote

I express solidarity."
"# Translate:

растерянно

## Footnote

Он растерянно смотрел на нас.","in confusion

## Footnote

He looked at us in confusion."
"# Translate:

равнодушие

## Footnote

Его равнодушие меня ранит.","indifference

## Footnote

His indifference hurts me."
"# Translate:

сухопутный

## Footnote

Сухопутные войска наступают.","ground, land

## Footnote

Ground forces are advancing."
"# Translate:

экономически

## Footnote

Это экономически важно.","economically

## Footnote

This is economically important."
"# Translate:

дисплей

## Footnote

Дисплей не работает.","display, screen

## Footnote

The display does not work."
"# Translate:

кредитование

## Footnote

Это банковское кредитование.","lending

## Footnote

This is bank lending."
"# Translate:

созреть

## Footnote

Яблоки уже созрели.","to ripen, to mature

## Footnote

The apples have already ripened."
"# Translate:

пласт

## Footnote

Сними этот пласт.","layer

## Footnote

Take this layer off."
"# Translate:

упускать

## Footnote

Не упускай шанс.","miss, let slip

## Footnote

Don't miss the chance."
"# Translate:

лимон

## Footnote

Лимон лежит на столе.","lemon

## Footnote

The lemon is on the table."
"# Translate:

шишка

## Footnote

С сосны упала шишка.","cone, bump

## Footnote

A cone fell from the pine."
"# Translate:

дико

## Footnote

Он дико смеялся.","wildly

## Footnote

He laughed wildly."
"# Translate:

краснеть

## Footnote

Она начала краснеть.","to blush, to turn red

## Footnote

She began to blush."
"# Translate:

порой

## Footnote

Порой он молчит.","sometimes

## Footnote

Sometimes he is silent."
"# Translate:

сословие

## Footnote

Это старое сословие.","social class

## Footnote

This is an old social class."
"# Translate:

смутно

## Footnote

Я смутно помню это.","vaguely

## Footnote

I vaguely remember this."
"# Translate:

изоляция

## Footnote

Ему нужна изоляция.","isolation

## Footnote

He needs isolation."
"# Translate:

раствориться

## Footnote

Сахар растворится быстро.","dissolve

## Footnote

The sugar will dissolve quickly."
"# Translate:

аппаратный

## Footnote

Это аппаратный сбой.","hardware

## Footnote

This is a hardware failure."
"# Translate:

влагалище

## Footnote

Боль во влагалище.","vagina

## Footnote

There is pain in the vagina."
"# Translate:

ржавый

## Footnote

Этот нож ржавый.","rusty

## Footnote

This knife is rusty."
"# Translate:

датчик

## Footnote

Датчик не работает.","sensor

## Footnote

The sensor does not work."
"# Translate:

иуда

## Footnote

Он настоящий иуда.","Judas

## Footnote

He is a real Judas."
"# Translate:

неторопливо

## Footnote

Он неторопливо шёл домой.","leisurely

## Footnote

He walked home leisurely."
"# Translate:

многообразие

## Footnote

Мне нравится это многообразие.","diversity, variety

## Footnote

I like this diversity."
"# Translate:

тополь

## Footnote

Тополь растёт у дома.","poplar

## Footnote

The poplar grows by the house."
"# Translate:

повязка

## Footnote

Сними повязку.","bandage

## Footnote

Take the bandage off."
"# Translate:

разбирательство

## Footnote

Разбирательство продолжается.","inquiry, investigation

## Footnote

The inquiry continues."
"# Translate:

одобрять

## Footnote

Я одобряю решение.","approve

## Footnote

I approve the decision."
"# Translate:

первобытный

## Footnote

Это первобытный страх.","primitive

## Footnote

This is a primitive fear."
"# Translate:

вступительный

## Footnote

Это вступительный экзамен.","entrance, introductory

## Footnote

This is an entrance exam."
"# Translate:

карманный

## Footnote

Это карманный словарь.","pocket

## Footnote

This is a pocket dictionary."
"# Translate:

санаторий

## Footnote

Она в санатории.","sanatorium

## Footnote

She is in the sanatorium."
"# Translate:

переписать

## Footnote

Перепиши это письмо.","rewrite

## Footnote

Rewrite this letter."
"# Translate:

умудриться

## Footnote

Она умудрилась уйти.","manage

## Footnote

She managed to leave."
"# Translate:

свершиться

## Footnote

Свершилось важное событие.","to take place, to come to pass

## Footnote

An important event took place."
"# Translate:

псевдоним

## Footnote

Она пишет под псевдонимом.","pseudonym

## Footnote

She writes under a pseudonym."
"# Translate:

комендант

## Footnote

Комендант отдал приказ.","commandant

## Footnote

The commandant gave an order."
"# Translate:

сувенир

## Footnote

Сувенир лежит на столе.","souvenir

## Footnote

The souvenir is on the table."
"# Translate:

внушительный

## Footnote

Это внушительный дом.","impressive

## Footnote

This is an impressive house."
"# Translate:

старенький

## Footnote

Это старенький дом.","old

## Footnote

This is an old house."
"# Translate:

поди

## Footnote

Поди, он уже дома.","probably

## Footnote

He is probably already home."
"# Translate:

мэрия

## Footnote

Я иду в мэрию.","city hall

## Footnote

I am going to city hall."
"# Translate:

фуражка

## Footnote

Он носит фуражку.","service cap

## Footnote

He wears a service cap."
"# Translate:

прикол

## Footnote

Это глупый прикол.","joke, prank

## Footnote

This is a stupid joke."
"# Translate:

минуть

## Footnote

Лето быстро минуло.","to pass

## Footnote

Summer passed quickly."
"# Translate:

яростно

## Footnote

Он яростно спорит.","fiercely

## Footnote

He argues fiercely."
"# Translate:

месячный

## Footnote

Это месячный план.","monthly

## Footnote

This is a monthly plan."
"# Translate:

пожимать

## Footnote

Я не люблю пожимать руки.","to squeeze; to shake (hands)

## Footnote

I don't like to shake hands."
"# Translate:

туалетный

## Footnote

Купи туалетную бумагу.","toilet

## Footnote

Buy toilet paper."
"# Translate:

нырнуть

## Footnote

Он нырнул в озеро.","dive

## Footnote

He dived into the lake."
"# Translate:

искушение

## Footnote

Это сильное искушение.","temptation

## Footnote

This is a strong temptation."
"# Translate:

заросль

## Footnote

Перед нами густая заросль.","thicket

## Footnote

A dense thicket is ahead."
"# Translate:

необычайный

## Footnote

Это необычайный случай.","extraordinary

## Footnote

This is an extraordinary case."
"# Translate:

забава

## Footnote

Это простая забава.","fun, amusement

## Footnote

This is simple fun."
"# Translate:

идентификация

## Footnote

Нужна идентификация.","identification

## Footnote

Identification is needed."
"# Translate:

содержательный

## Footnote

Это содержательный разговор.","meaningful

## Footnote

This is a meaningful conversation."
"# Translate:

дискриминация

## Footnote

Дискриминация незаконна.","discrimination

## Footnote

Discrimination is illegal."
"# Translate:

предназначение

## Footnote

Это его предназначение.","purpose

## Footnote

This is his purpose."
"# Translate:

фанат

## Footnote

Она фанат этой команды.","fan

## Footnote

She is a fan of this team."
"# Translate:

собеседование

## Footnote

Собеседование завтра утром.","interview

## Footnote

The interview is tomorrow morning."
"# Translate:

уводить

## Footnote

Не уводи его.","lead away

## Footnote

Don't lead him away."
"# Translate:

летучий

## Footnote

Это летучая жидкость.","volatile, flying

## Footnote

This is a volatile liquid."
"# Translate:

срывать

## Footnote

Не срывай цветы.","pluck

## Footnote

Don't pluck the flowers."
"# Translate:

босой

## Footnote

Он идёт босой.","barefoot

## Footnote

He is walking barefoot."
"# Translate:

перила

## Footnote

Перила холодные.","railing

## Footnote

The railing is cold."
"# Translate:

вопить

## Footnote

Он начал вопить.","to yell

## Footnote

He began to yell."
"# Translate:

клочок

## Footnote

Клочок бумаги упал.","scrap, tuft

## Footnote

A scrap of paper fell."
"# Translate:

снайпер

## Footnote

Снайпер ждёт сигнала.","sniper

## Footnote

The sniper waits for a signal."
"# Translate:

перебивать

## Footnote

Не перебивай меня.","interrupt

## Footnote

Don't interrupt me."
"# Translate:

пермский

## Footnote

Пермский край большой.","Perm, from Perm

## Footnote

The Perm region is large."
"# Translate:

хрустальный

## Footnote

Это хрустальный стакан.","crystal

## Footnote

This is a crystal glass."
"# Translate:

гитлеровский

## Footnote

Это гитлеровский режим.","Nazi

## Footnote

This is a Nazi regime."
"# Translate:

настойчивый

## Footnote

Он очень настойчивый.","persistent

## Footnote

He is very persistent."
"# Translate:

зенитный

## Footnote

Зенитный огонь начался.","anti-aircraft

## Footnote

The anti-aircraft fire started."
"# Translate:

рассердиться

## Footnote

Он сразу рассердился.","to get angry

## Footnote

He got angry immediately."
"# Translate:

выслушивать

## Footnote

Я выслушиваю их.","to listen to

## Footnote

I listen to them."
"# Translate:

координатор

## Footnote

Она наш координатор.","coordinator

## Footnote

She is our coordinator."
"# Translate:

идентичность

## Footnote

Это её идентичность.","identity

## Footnote

This is her identity."
"# Translate:

поливать

## Footnote

Я поливаю цветы.","to water

## Footnote

I am watering the flowers."
"# Translate:

прилично

## Footnote

Она прилично одета.","decently

## Footnote

She is decently dressed."
"# Translate:

болельщик

## Footnote

Он болельщик этой команды.","fan, supporter

## Footnote

He is a fan of this team."
"# Translate:

комфортный

## Footnote

Стул очень комфортный.","comfortable

## Footnote

The chair is very comfortable."
"# Translate:

целесообразный

## Footnote

Это целесообразный план.","expedient

## Footnote

This is an expedient plan."
"# Translate:

поменяться

## Footnote

Давай поменяемся местами.","to exchange

## Footnote

Let's exchange places."
"# Translate:

чулок

## Footnote

Чулок лежит на стуле.","stocking

## Footnote

The stocking is on the chair."
"# Translate:

неспособный

## Footnote

Он неспособен врать.","incapable

## Footnote

He is incapable of lying."
"# Translate:

коленка

## Footnote

У меня болит коленка.","knee

## Footnote

My knee hurts."
"# Translate:

сокращаться

## Footnote

Штат будет сокращаться.","to be reduced, to decrease

## Footnote

The staff will be reduced."
"# Translate:

ух

## Footnote

Ух, как холодно!","whoa

## Footnote

Whoa, it's so cold!"
"# Translate:

подозрительно

## Footnote

Тут подозрительно тихо.","suspiciously

## Footnote

It is suspiciously quiet here."
"# Translate:

капиталист

## Footnote

Он богатый капиталист.","capitalist

## Footnote

He is a rich capitalist."
"# Translate:

ньютон

## Footnote

Это один ньютон.","newton

## Footnote

This is one newton."
"# Translate:

вариация

## Footnote

Это моя вариация.","variation

## Footnote

This is my variation."
"# Translate:

футболка

## Footnote

Купи новую футболку.","T-shirt

## Footnote

Buy a new T-shirt."
"# Translate:

рубка

## Footnote

Рубка уже началась.","cutting, chopping

## Footnote

The cutting has already started."
"# Translate:

противно

## Footnote

Мне противно это слышать.","disgusting

## Footnote

It is disgusting to hear this."
"# Translate:

девичий

## Footnote

Это её девичья фамилия.","maiden, girlish

## Footnote

This is her maiden name."
"# Translate:

мусорный

## Footnote

Это мусорное ведро.","garbage, trash

## Footnote

This is a trash can."
"# Translate:

пророчество

## Footnote

Это старое пророчество.","prophecy

## Footnote

This is an old prophecy."
"# Translate:

разрушительный

## Footnote

Это разрушительный удар.","destructive

## Footnote

This is a destructive blow."
"# Translate:

усмотрение

## Footnote

Это на ваше усмотрение.","discretion

## Footnote

This is at your discretion."
"# Translate:

колокольчик

## Footnote

Я слышу колокольчик.","bell

## Footnote

I hear a bell."
"# Translate:

доставаться

## Footnote

Мне всегда достаётся эта работа.","to fall to someone; to get (with a dative recipient)

## Footnote

I always get this work."
"# Translate:

пьяница

## Footnote

Пьяница уже дома.","drunkard

## Footnote

The drunkard is already home."
"# Translate:

гибкость

## Footnote

Ей нужна гибкость.","flexibility

## Footnote

She needs flexibility."
"# Translate:

упрекать

## Footnote

Не упрекай меня.","to reproach

## Footnote

Don't reproach me."
"# Translate:

оформлять

## Footnote

Надо оформлять бумаги.","to fill out, to process

## Footnote

We need to process the papers."
"# Translate:

ступить

## Footnote

Он ступил в дом.","to step, to set foot

## Footnote

He stepped into the house."
"# Translate:

пивной

## Footnote

Это пивной бар.","beer

## Footnote

This is a beer bar."
"# Translate:

подтверждаться

## Footnote

Новость ещё подтверждается.","to be confirmed

## Footnote

The news is still being confirmed."
"# Translate:

грешный

## Footnote

Я человек грешный.","sinful

## Footnote

I am a sinful man."
"# Translate:

тусовка

## Footnote

Тусовка уже началась.","party

## Footnote

The party has already started."
"# Translate:

терзать

## Footnote

Это будет терзать его.","torment

## Footnote

This will torment him."
"# Translate:

завещание

## Footnote

Он написал завещание.","will, testament

## Footnote

He wrote a will."
"# Translate:

любезно

## Footnote

Он любезно открыл дверь.","kindly

## Footnote

He kindly opened the door."
"# Translate:

ухудшение

## Footnote

Ухудшение уже заметно.","deterioration

## Footnote

The deterioration is already noticeable."
"# Translate:

увидать

## Footnote

Я увидал его там.","to see

## Footnote

I saw him there."
"# Translate:

аквариум

## Footnote

В аквариуме есть рыбы.","aquarium

## Footnote

There are fish in the aquarium."
"# Translate:

продовольственный

## Footnote

Это продовольственный магазин.","food, grocery

## Footnote

This is a grocery store."
"# Translate:

сустав

## Footnote

Этот сустав болит.","joint

## Footnote

This joint hurts."
"# Translate:

теоретик

## Footnote

Он известный теоретик.","theorist

## Footnote

He is a famous theorist."
"# Translate:

двухэтажный

## Footnote

Это двухэтажный дом.","two-story

## Footnote

This is a two-story house."
"# Translate:

траектория

## Footnote

Траектория была верной.","trajectory

## Footnote

The trajectory was correct."
"# Translate:

двойка

## Footnote

Он получил двойку.","a grade of two, failing grade

## Footnote

He got a failing grade."
"# Translate:

посвящать

## Footnote

Я посвящаю это тебе.","dedicate, devote

## Footnote

I dedicate this to you."
"# Translate:

боярин

## Footnote

Это старый боярин.","boyar

## Footnote

This is an old boyar."
"# Translate:

героин

## Footnote

Героин опасен.","heroin

## Footnote

Heroin is dangerous."
"# Translate:

пусто

## Footnote

В комнате пусто.","empty

## Footnote

The room is empty."
"# Translate:

наутро

## Footnote

Он ушёл наутро.","the next morning

## Footnote

He left the next morning."
"# Translate:

установиться

## Footnote

Погода уже установилась.","settle

## Footnote

The weather has already settled."
"# Translate:

именоваться

## Footnote

Как это именуется?","to be called

## Footnote

What is this called?"
"# Translate:

проповедовать

## Footnote

Он любит проповедовать.","preach

## Footnote

He loves to preach."
"# Translate:

скрипеть

## Footnote

Дверь начала скрипеть.","to creak

## Footnote

The door began to creak."
"# Translate:

тупо

## Footnote

Это звучит тупо.","stupid

## Footnote

This sounds stupid."
"# Translate:

виновник

## Footnote

Виновник уже здесь.","culprit

## Footnote

The culprit is already here."
"# Translate:

скатерть

## Footnote

Скатерть лежит на столе.","tablecloth

## Footnote

The tablecloth is on the table."
"# Translate:

испуганный

## Footnote

Он выглядит испуганным.","frightened, scared

## Footnote

He looks frightened."
"# Translate:

намеренно

## Footnote

Он сделал это намеренно.","intentionally

## Footnote

He did this intentionally."
"# Translate:

пожениться

## Footnote

Они хотят пожениться.","to get married

## Footnote

They want to get married."
"# Translate:

сахарный

## Footnote

Это сахарный завод.","sugar (attributive)

## Footnote

This is a sugar factory."
"# Translate:

психотерапевт

## Footnote

Я иду к психотерапевту.","psychotherapist

## Footnote

I am going to the psychotherapist."
"# Translate:

декорация

## Footnote

Декорация уже готова.","stage set, scenery

## Footnote

The stage set is ready."
"# Translate:

бриллиант

## Footnote

Это настоящий бриллиант.","cut diamond

## Footnote

This is a real cut diamond."
"# Translate:

вещание

## Footnote

Вещание уже началось.","broadcasting

## Footnote

The broadcasting has already started."
"# Translate:

открытость

## Footnote

Мне нравится её открытость.","openness

## Footnote

I like her openness."
"# Translate:

эвакуация

## Footnote

Эвакуация уже началась.","evacuation

## Footnote

The evacuation has already started."
"# Translate:

насущный

## Footnote

Это насущный вопрос.","pressing, urgent

## Footnote

This is a pressing question."
"# Translate:

запястье

## Footnote

Он носит часы на запястье.","wrist

## Footnote

He wears a watch on his wrist."
"# Translate:

законодатель

## Footnote

Законодатель принял закон.","legislator

## Footnote

The legislator passed a law."
"# Translate:

бюрократический

## Footnote

Это бюрократический процесс.","bureaucratic

## Footnote

This is a bureaucratic process."
"# Translate:

обозрение

## Footnote

Я читаю обозрение.","review, survey

## Footnote

I am reading a review."
"# Translate:

неуверенно

## Footnote

Она неуверенно улыбнулась.","uncertainly

## Footnote

She smiled uncertainly."
"# Translate:

княгиня

## Footnote

Княгиня вошла в зал.","princess (wife of a князь, or a female ruler)

## Footnote

The princess entered the hall."
"# Translate:

придурок

## Footnote

Он полный придурок.","idiot, fool

## Footnote

He is a complete idiot."
"# Translate:

отстоять

## Footnote

Мы должны отстоять это.","defend

## Footnote

We must defend this."
"# Translate:

джунгли

## Footnote

Мы вошли в джунгли.","jungle

## Footnote

We entered the jungle."
"# Translate:

выращивать

## Footnote

Они выращивают овощи.","to grow

## Footnote

They grow vegetables."
"# Translate:

скинуть

## Footnote

Скинь это пальто.","to take off, to throw off

## Footnote

Take off this coat."
"# Translate:

задерживать

## Footnote

Не задерживай меня.","to delay

## Footnote

Don't delay me."
"# Translate:

раскрываться

## Footnote

Цветок начал раскрываться.","to open up

## Footnote

The flower began to open up."
"# Translate:

грош

## Footnote

Это не стоит гроша.","penny

## Footnote

This is not worth a penny."
"# Translate:

мясной

## Footnote

Это мясной суп.","meat, meaty

## Footnote

This is a meat soup."
"# Translate:

покорить

## Footnote

Они хотят покорить гору.","conquer

## Footnote

They want to conquer the mountain."
"# Translate:

кинематограф

## Footnote

Я люблю кинематограф.","cinema

## Footnote

I love cinema."
"# Translate:

загрузить

## Footnote

Загрузи этот файл на сайт.","to load, to upload, to download

## Footnote

Upload this file to the site."
"# Translate:

превзойти

## Footnote

Он смог превзойти их.","outdo, surpass

## Footnote

He managed to outdo them."
"# Translate:

спираль

## Footnote

Это старая спираль.","spiral

## Footnote

This is an old spiral."
"# Translate:

выплачивать

## Footnote

Он будет выплачивать долг.","to pay

## Footnote

He will pay the debt."
"# Translate:

обитель

## Footnote

Это тихая обитель.","abode

## Footnote

This is a quiet abode."
"# Translate:

мгновенный

## Footnote

Он дал мгновенный ответ.","instant

## Footnote

He gave an instant answer."
"# Translate:

втянуть

## Footnote

Он втянул меня.","to pull in, to involve

## Footnote

He pulled me in."
"# Translate:

убираться

## Footnote

Мне нужно убираться.","to clean up

## Footnote

I need to clean up."
"# Translate:

наизусть

## Footnote

Она знает это наизусть.","by heart

## Footnote

She knows this by heart."
"# Translate:

выразительный

## Footnote

У неё выразительные глаза.","expressive

## Footnote

She has expressive eyes."
"# Translate:

смутиться

## Footnote

Он сразу смутился.","to be embarrassed

## Footnote

He was immediately embarrassed."
"# Translate:

учредитель

## Footnote

Он учредитель этой фирмы.","founder

## Footnote

He is the founder of this firm."
"# Translate:

неспособность

## Footnote

Его неспособность слушать мешает.","inability

## Footnote

His inability to listen gets in the way."
"# Translate:

улечься

## Footnote

Надо улечься.","lie down

## Footnote

I need to lie down."
"# Translate:

нобелевский

## Footnote

Это Нобелевская премия.","Nobel

## Footnote

This is a Nobel prize."
"# Translate:

быстренько

## Footnote

Сделай это быстренько.","quickly

## Footnote

Do this quickly."
"# Translate:

скрип

## Footnote

Я слышал скрип.","creak, squeak

## Footnote

I heard a creak."
"# Translate:

выпивка

## Footnote

Купи выпивку.","alcohol, alcoholic drinks

## Footnote

Buy some alcoholic drinks."
"# Translate:

развиться

## Footnote

Это может развиться.","develop

## Footnote

This can develop."
"# Translate:

затеять

## Footnote

Он затеял ссору.","start

## Footnote

He started a fight."
"# Translate:

штык

## Footnote

Штык был острый.","bayonet

## Footnote

The bayonet was sharp."
"# Translate:

приезжий

## Footnote

Приезжий уже здесь.","newcomer, visitor

## Footnote

The newcomer is already here."
"# Translate:

як

## Footnote

Як стоит на горе.","yak

## Footnote

The yak is standing on the mountain."
"# Translate:

производительный

## Footnote

Это производительный станок.","productive, high-performance

## Footnote

This is a high-performance machine."
"# Translate:

записной

## Footnote

Используй эту записную книжку для заметок.","for notes (записная книжка: notebook)

## Footnote

Use this notebook for notes."
"# Translate:

шторм

## Footnote

Шторм уже близко.","storm

## Footnote

The storm is already close."
"# Translate:

навязчивый

## Footnote

Он слишком навязчивый.","obtrusive, intrusive

## Footnote

He is too obtrusive."
"# Translate:

скопление

## Footnote

Здесь скопление машин.","concentration, cluster

## Footnote

There is a concentration of cars here."
"# Translate:

корточки

## Footnote

Он сел на корточки.","squat, squatting position (на корточках: squatting; сесть на корточки: to squat down)

## Footnote

He squatted down."
"# Translate:

укрытие

## Footnote

Мы нашли укрытие.","shelter

## Footnote

We found shelter."
"# Translate:

российско

## Footnote

Это российско-американский проект.","Russian- (in compounds)

## Footnote

This is a Russian-American project."
"# Translate:

составитель

## Footnote

Он составитель словаря.","compiler

## Footnote

He is the compiler of the dictionary."
"# Translate:

машинный

## Footnote

Это машинный перевод.","machine

## Footnote

This is machine translation."
"# Translate:

робко

## Footnote

Она робко ответила.","timidly

## Footnote

She answered timidly."
"# Translate:

наподобие

## Footnote

Это наподобие дома.","similar to

## Footnote

This is similar to a house."
"# Translate:

насчитывать

## Footnote

Город насчитывает десять домов.","to number, to have

## Footnote

The city has ten houses."
"# Translate:

величественный

## Footnote

Это величественный дом.","majestic

## Footnote

This is a majestic house."
"# Translate:

графиня

## Footnote

Графиня вошла в зал.","countess

## Footnote

The countess entered the hall."
"# Translate:

истец

## Footnote

Истец уже здесь.","plaintiff

## Footnote

The plaintiff is already here."
"# Translate:

холдинг

## Footnote

Это большой холдинг.","holding company

## Footnote

This is a large holding company."
"# Translate:

навязать

## Footnote

Они навязали это нам.","impose

## Footnote

They imposed this on us."
"# Translate:

заподозрить

## Footnote

Я заподозрил его.","suspect

## Footnote

I suspected him."
"# Translate:

пастернак

## Footnote

Я купил пастернак.","parsnip

## Footnote

I bought a parsnip."
"# Translate:

душить

## Footnote

Не души меня.","strangle

## Footnote

Don't strangle me."
"# Translate:

продержаться

## Footnote

Мы должны продержаться.","hold out

## Footnote

We must hold out."
"# Translate:

раскалить

## Footnote

Раскали это железо.","make red-hot

## Footnote

Make this iron red-hot."
"# Translate:

притворяться

## Footnote

Не притворяйся больным.","pretend

## Footnote

Don't pretend to be sick."
"# Translate:

колея

## Footnote

Машина застряла в колее.","rut

## Footnote

The car got stuck in a rut."
"# Translate:

предназначаться

## Footnote

Это предназначается тебе.","be intended

## Footnote

This is intended for you."
"# Translate:

кустарник

## Footnote

В саду растёт кустарник.","shrub

## Footnote

A shrub grows in the garden."
"# Translate:

служитель

## Footnote

Он служитель церкви.","minister, attendant

## Footnote

He is a church minister."
"# Translate:

врата

## Footnote

Врата уже открыты.","gates

## Footnote

The gates are already open."
"# Translate:

подскочить

## Footnote

Он подскочил от страха.","to jump up

## Footnote

He jumped up in fear."
"# Translate:

кондиционер

## Footnote

Включи кондиционер.","air conditioner

## Footnote

Turn on the air conditioner."
"# Translate:

прожектор

## Footnote

Прожектор горит.","searchlight

## Footnote

The searchlight is on."
"# Translate:

теперешний

## Footnote

Это теперешний план.","current

## Footnote

This is the current plan."
"# Translate:

восторженный

## Footnote

Она выглядела восторженной.","ecstatic, enthusiastic

## Footnote

She looked ecstatic."
"# Translate:

духовность

## Footnote

Ему важна духовность.","spirituality

## Footnote

Spirituality is important to him."
"# Translate:

дозор

## Footnote

Ночной дозор вышел.","watch

## Footnote

The night watch went out."
"# Translate:

опережать

## Footnote

Она опережает нас.","to be ahead of, to outstrip

## Footnote

She is ahead of us."
"# Translate:

восстать

## Footnote

Народ хочет восстать.","to revolt, to rise up

## Footnote

The people want to revolt."
"# Translate:

шорох

## Footnote

Я слышу шорох.","rustle

## Footnote

I hear a rustle."
"# Translate:

клей

## Footnote

Мне нужен клей.","glue

## Footnote

I need glue."
"# Translate:

прокат

## Footnote

Прокат машин находится здесь.","rental

## Footnote

The car rental is here."
"# Translate:

раздеться

## Footnote

Надо раздеться.","undress

## Footnote

I need to undress."
"# Translate:

угостить

## Footnote

Угости меня чаем.","treat

## Footnote

Treat me to tea."
"# Translate:

стыдиться

## Footnote

Не стыдись этого.","be ashamed

## Footnote

Don't be ashamed of this."
"# Translate:

дерзкий

## Footnote

Это дерзкий ответ.","bold

## Footnote

This is a bold answer."
"# Translate:

ненавистный

## Footnote

Это мой ненавистный враг.","hated, detested

## Footnote

This is my hated enemy."
"# Translate:

сенат

## Footnote

Сенат принял закон.","senate

## Footnote

The senate passed a law."
"# Translate:

красить

## Footnote

Я буду красить стену.","paint

## Footnote

I will paint the wall."
"# Translate:

указательный

## Footnote

Это указательный палец.","pointing; index (указательный палец: index finger)

## Footnote

This is the index finger."
"# Translate:

поправлять

## Footnote

Не поправляй меня.","correct

## Footnote

Don't correct me."
"# Translate:

мелко

## Footnote

Здесь слишком мелко.","shallow

## Footnote

It is too shallow here."
"# Translate:

проблемный

## Footnote

Это проблемный вопрос.","problematic

## Footnote

This is a problematic question."
"# Translate:

достопримечательность

## Footnote

Это главная достопримечательность.","attraction

## Footnote

This is the main attraction."
"# Translate:

самочувствие

## Footnote

Он спросил о моём самочувствии.","well-being, state of health (how one feels)

## Footnote

He asked about my well-being."
"# Translate:

негде

## Footnote

Мне негде сесть.","nowhere

## Footnote

I have nowhere to sit."
"# Translate:

кланяться

## Footnote

Не кланяйся ему.","bow

## Footnote

Don't bow to him."
"# Translate:

процветание

## Footnote

Страна достигла процветания.","prosperity

## Footnote

The country achieved prosperity."
"# Translate:

мишень

## Footnote

Попади в мишень.","target

## Footnote

Hit the target."
"# Translate:

салфетка

## Footnote

Дай мне салфетку.","napkin

## Footnote

Give me a napkin."
"# Translate:

родня

## Footnote

Моя родня здесь.","relatives

## Footnote

My relatives are here."
"# Translate:

экспансия

## Footnote

Это их экспансия.","expansion

## Footnote

This is their expansion."
"# Translate:

послушный

## Footnote

Он послушный сын.","obedient

## Footnote

He is an obedient son."
"# Translate:

ледник

## Footnote

Это большой ледник.","glacier

## Footnote

This is a large glacier."
"# Translate:

маркиз

## Footnote

Маркиз вошёл в зал.","marquis

## Footnote

The marquis entered the hall."
"# Translate:

розыск

## Footnote

Полиция начала розыск.","search

## Footnote

The police started a search."
"# Translate:

государственность

## Footnote

Они обрели государственность.","statehood

## Footnote

They achieved statehood."
"# Translate:

таз

## Footnote

Налей воду в таз.","basin, pelvis

## Footnote

Pour water into the basin."
"# Translate:

скверный

## Footnote

Это скверный день.","nasty

## Footnote

This is a nasty day."
"# Translate:

похвалить

## Footnote

Я хочу похвалить тебя.","praise

## Footnote

I want to praise you."
"# Translate:

хулиган

## Footnote

Этот хулиган опять здесь.","hooligan

## Footnote

This hooligan is here again."
"# Translate:

накладывать

## Footnote

Не накладывай это.","apply

## Footnote

Don't apply this."
"# Translate:

тачка

## Footnote

Я толкаю тачку.","wheelbarrow

## Footnote

I push the wheelbarrow."
"# Translate:

рация

## Footnote

Возьми рацию.","walkie-talkie

## Footnote

Take the walkie-talkie."
"# Translate:

законность

## Footnote

Я сомневаюсь в законности этого.","legality

## Footnote

I doubt the legality of this."
"# Translate:

поспорить

## Footnote

Давай поспорим.","argue

## Footnote

Let's argue."
"# Translate:

примерный

## Footnote

Он примерный сын.","exemplary

## Footnote

He is an exemplary son."
"# Translate:

разъяснить

## Footnote

Разъясни это мне.","clarify

## Footnote

Clarify this for me."
"# Translate:

взвесить

## Footnote

Взвесь это мясо.","weigh

## Footnote

Weigh this meat."
"# Translate:

зов

## Footnote

Я слышу зов.","call

## Footnote

I hear a call."
"# Translate:

восход

## Footnote

Восход через час.","sunrise

## Footnote

Sunrise is in an hour."
"# Translate:

выручить

## Footnote

Выручи меня.","to help out, to bail out

## Footnote

Help me out."
"# Translate:

продвинуться

## Footnote

Нам надо продвинуться.","advance

## Footnote

We need to advance."
"# Translate:

процитировать

## Footnote

Процитируй его слова.","quote

## Footnote

Quote his words."
"# Translate:

оборонный

## Footnote

Это оборонный завод.","defense

## Footnote

This is a defense plant."
"# Translate:

обитание

## Footnote

Обитание здесь невозможно.","habitation, living

## Footnote

Habitation here is impossible."
"# Translate:

опухоль

## Footnote

У него опухоль.","tumor

## Footnote

He has a tumor."
"# Translate:

оговорка

## Footnote

Это была оговорка.","slip of the tongue, reservation

## Footnote

That was a slip of the tongue."
"# Translate:

пересмотр

## Footnote

Нужен пересмотр плана.","revision

## Footnote

The plan needs revision."
"# Translate:

стержень

## Footnote

Это железный стержень.","rod

## Footnote

This is an iron rod."
"# Translate:

герб

## Footnote

Это наш герб.","coat of arms

## Footnote

This is our coat of arms."
"# Translate:

вписываться

## Footnote

Он не вписывается.","fit in

## Footnote

He does not fit in."
"# Translate:

бинокль

## Footnote

Дай мне бинокль.","binoculars

## Footnote

Give me the binoculars."
"# Translate:

прославить

## Footnote

Они хотят прославить его.","glorify

## Footnote

They want to glorify him."
"# Translate:

выскакивать

## Footnote

Кот выскакивает из коробки.","to jump out

## Footnote

The cat jumps out of the box."
"# Translate:

груша

## Footnote

Я съел грушу.","pear

## Footnote

I ate a pear."
"# Translate:

упорство

## Footnote

Ему нужно упорство.","perseverance

## Footnote

He needs perseverance."
"# Translate:

вырываться

## Footnote

Она всё время вырывается.","break free

## Footnote

She breaks free all the time."
"# Translate:

обеспокоить

## Footnote

Это обеспокоило её.","to worry, to concern

## Footnote

This worried her."
"# Translate:

инициатор

## Footnote

Он инициатор проекта.","initiator

## Footnote

He is the project's initiator."
"# Translate:

целостный

## Footnote

Это целостный подход.","holistic

## Footnote

This is a holistic approach."
"# Translate:

учредить

## Footnote

Они хотят учредить фонд.","establish

## Footnote

They want to establish a fund."
"# Translate:

сдохнуть

## Footnote

Собака скоро сдохнет.","to die (coarse, usually of animals)

## Footnote

The dog will soon die."
"# Translate:

поговорка

## Footnote

Это старая поговорка.","saying

## Footnote

This is an old saying."
"# Translate:

отправление

## Footnote

До отправления поезда час.","departure

## Footnote

The train's departure is in an hour."
"# Translate:

выхватить

## Footnote

Он выхватил письмо.","snatch

## Footnote

He snatched the letter."
